-0.185527 0.055272 -0.184504 -0.066919 0.070788 -0.212023 0.039705 -0.080175 0.118002 -0.140041 -0.028209 0.017318 -0.037772 0.159438 0.671474 0.013255 -0.004550 -0.001914 -0.027241 -0.196768 -0.023337 0.001349 -0.003304 -0.000580 -0.070784 -0.127729 0.034746 0.073957 0.000000 0.000000 0.000000 0.000000 0.000000 0.000000 0.000000 0.000000 0.000000 0.000000 0.000000 0.000000 0.000000 0.000000 0.000000 0.000000 0.000000 0.000000 0.000000 0.000000 0.000000
-0.000289 0.002549 0.001317 0.002057 0.002071 -0.000216 0.003066 -0.000858 -0.000098 -0.002073 0.002097 0.001832 -0.000842 -0.000749 0.006154 0.001354 0.001298 0.002387 0.000559 0.000800 -0.004419 -0.006610 -0.003186 -0.000192 -0.005852 0.006969 0.010351 -0.000474 0.000000 0.000000 0.000000 0.000000 0.000000 0.000000 0.000000 0.000000 0.000000 0.000000 0.000000 0.000000 0.000000 0.000000 0.000000 0.000000 0.000000 0.000000 0.000000 0.000000 0.000000
-0.000555 0.000816 -0.000273 0.000778 -0.000009 -0.000997 0.001165 -0.000136 0.000385 -0.003491 0.001770 0.005241 0.000993 0.003212 0.005061 0.001431 -0.000969 0.002406 0.001677 0.000425 -0.002061 -0.002627 0.003015 -0.001328 0.003432 0.003048 0.007171 0.002315 0.000000 0.000000 0.000000 0.000000 0.000000 0.000000 0.000000 0.000000 0.000000 0.000000 0.000000 0.000000 0.000000 0.000000 0.000000 0.000000 0.000000 0.000000 0.000000 0.000000 0.000000
-0.003164 -0.002818 -0.002687 -0.003363 0.009797 -0.002831 0.001910 0.000924 -0.004869 -0.006653 0.000221 0.002293 -0.000006 0.002703 0.016043 -0.004605 0.013694 0.001266 0.000042 0.000629 0.004769 0.005736 0.001595 0.002387 -0.005064 0.003962 0.001948 -0.005477 0.000000 0.000000 0.000000 0.000000 0.000000 0.000000 0.000000 0.000000 0.000000 0.000000 0.000000 0.000000 0.000000 0.000000 0.000000 0.000000 0.000000 0.000000 0.000000 0.000000 0.000000
0.001222 0.002595 0.000763 0.000867 0.001765 0.000398 0.001951 0.001229 0.001587 0.001596 0.002795 0.004933 0.003195 0.003608 0.003064 -0.003017 0.002907 -0.000402 0.004666 0.002014 -0.002327 -0.005249 -0.010975 -0.003671 0.000322 0.001795 -0.000014 -0.004717 0.000000 0.000000 0.000000 0.000000 0.000000 0.000000 0.000000 0.000000 0.000000 0.000000 0.000000 0.000000 0.000000 0.000000 0.000000 0.000000 0.000000 0.000000 0.000000 0.000000 0.000000
-0.000322 -0.000574 -0.000319 0.001139 -0.003481 0.001053 0.003307 -0.000725 0.002346 0.001671 -0.005511 -0.000819 -0.000176 -0.001357 -0.000027 0.004815 -0.006420 0.001649 -0.000134 -0.002168 -0.007127 -0.010204 -0.003605 -0.014758 0.000540 -0.001436 -0.003850 0.005071 0.000000 0.000000 0.000000 0.000000 0.000000 0.000000 0.000000 0.000000 0.000000 0.000000 0.000000 0.000000 0.000000 0.000000 0.000000 0.000000 0.000000 0.000000 0.000000 0.000000 0.000000
-0.003910 0.000903 -0.003721 -0.002827 0.003201 -0.011100 -0.002589 0.000672 0.005031 0.005018 -0.005902 -0.006441 0.002773 -0.007062 0.011607 -0.001610 -0.001341 -0.011928 0.003952 -0.012853 -0.012774 0.006167 -0.013661 0.018113 -0.035098 0.004112 -0.002523 0.014882 0.000000 0.000000 0.000000 0.000000 0.000000 0.000000 0.000000 0.000000 0.000000 0.000000 0.000000 0.000000 0.000000 0.000000 0.000000 0.000000 0.000000 0.000000 0.000000 0.000000 0.000000
0.003603 0.004116 0.002833 0.002986 0.004903 0.001368 -0.000325 -0.000949 -0.000467 0.003019 -0.017940 -0.005336 0.007682 -0.003598 0.001517 0.002162 0.007033 -0.002253 0.001379 0.003080 -0.003799 -0.007251 -0.018865 0.001746 -0.009003 0.006239 0.001875 -0.008541 0.000000 0.000000 0.000000 0.000000 0.000000 0.000000 0.000000 0.000000 0.000000 0.000000 0.000000 0.000000 0.000000 0.000000 0.000000 0.000000 0.000000 0.000000 0.000000 0.000000 0.000000
0.002603 0.004443 0.001051 0.005828 -0.007943 0.003018 -0.000823 -0.003507 0.002668 0.007342 -0.010618 -0.018725 -0.007792 -0.003180 -0.010984 0.008673 -0.013132 -0.000238 -0.002286 0.002904 -0.013714 -0.014819 -0.013312 -0.009140 -0.000408 -0.000448 0.003435 0.010683 0.000000 0.000000 0.000000 0.000000 0.000000 0.000000 0.000000 0.000000 0.000000 0.000000 0.000000 0.000000 0.000000 0.000000 0.000000 0.000000 0.000000 0.000000 0.000000 0.000000 0.000000
-0.002994 0.004322 -0.001958 -0.000255 0.005200 -0.006533 -0.000774 -0.002019 0.007660 -0.004015 0.002507 -0.010437 -0.012387 0.005936 0.014374 -0.005800 -0.002476 -0.007046 -0.000528 -0.003234 0.000454 0.000543 -0.008239 0.004373 -0.006424 -0.003335 0.000394 0.000672 0.000000 0.000000 0.000000 0.000000 0.000000 0.000000 0.000000 0.000000 0.000000 0.000000 0.000000 0.000000 0.000000 0.000000 0.000000 0.000000 0.000000 0.000000 0.000000 0.000000 0.000000
-0.009684 0.005918 -0.005572 -0.001009 0.011908 -0.007856 0.007965 -0.010093 0.019177 -0.033898 -0.014090 0.006187 -0.014412 0.029013 0.054562 0.000554 -0.005645 0.005956 -0.011902 -0.007123 0.027394 -0.015479 0.020626 -0.036847 0.050531 -0.023497 -0.001964 -0.024946 0.000000 0.000000 0.000000 0.000000 0.000000 0.000000 0.000000 0.000000 0.000000 0.000000 0.000000 0.000000 0.000000 0.000000 0.000000 0.000000 0.000000 0.000000 0.000000 0.000000 0.000000
0.003604 -0.000766 0.004772 0.001327 -0.001665 0.003517 -0.024359 -0.006792 0.003647 0.001969 -0.101443 -0.027816 0.017992 -0.015249 -0.016712 0.025731 0.003271 -0.006879 0.000406 -0.004104 0.000152 0.015814 0.014033 -0.007336 0.002177 -0.001736 -0.006638 0.002700 0.000000 0.000000 0.000000 0.000000 0.000000 0.000000 0.000000 0.000000 0.000000 0.000000 0.000000 0.000000 0.000000 0.000000 0.000000 0.000000 0.000000 0.000000 0.000000 0.000000 0.000000
0.000807 0.005388 0.005123 0.002014 0.000446 0.001020 -0.007907 -0.017978 -0.003259 -0.001360 -0.027274 -0.081679 -0.032222 -0.000206 0.000731 0.003920 0.014326 0.006331 0.003556 0.013319 -0.004364 0.008777 0.016216 0.020794 0.000466 -0.005578 -0.002817 -0.001958 0.000000 0.000000 0.000000 0.000000 0.000000 0.000000 0.000000 0.000000 0.000000 0.000000 0.000000 0.000000 0.000000 0.000000 0.000000 0.000000 0.000000 0.000000 0.000000 0.000000 0.000000
0.003667 0.000881 0.003686 0.004043 -0.002381 0.010694 0.003974 -0.002942 -0.012365 -0.000773 0.017638 -0.035388 -0.044724 -0.005308 -0.017445 -0.009448 0.004319 0.006365 0.005373 0.016288 0.005216 -0.009887 0.018362 0.004339 0.013755 -0.005678 0.000747 -0.005045 0.000000 0.000000 0.000000 0.000000 0.000000 0.000000 0.000000 0.000000 0.000000 0.000000 0.000000 0.000000 0.000000 0.000000 0.000000 0.000000 0.000000 0.000000 0.000000 0.000000 0.000000
-0.030719 0.004573 -0.035471 -0.011815 0.011233 -0.035610 -0.003172 -0.007479 0.011153 -0.011955 -0.035586 0.008895 0.002235 -0.005216 0.096303 0.007877 -0.007096 -0.007826 0.008787 -0.047648 -0.009798 0.012343 -0.008581 0.013685 -0.049380 -0.020226 -0.004720 0.027252 0.000000 0.000000 0.000000 0.000000 0.000000 0.000000 0.000000 0.000000 0.000000 0.000000 0.000000 0.000000 0.000000 0.000000 0.000000 0.000000 0.000000 0.000000 0.000000 0.000000 0.000000
-0.167548 0.049918 -0.166221 -0.059667 0.061531 -0.192974 0.037902 -0.072890 0.107365 -0.128685 -0.019032 0.019950 -0.028073 0.135841 0.598687 0.012711 -0.009011 -0.004650 -0.032370 -0.197611 -0.012961 -0.005564 -0.001556 0.002720 -0.058620 -0.138661 0.052255 0.069702 0.000000 0.000000 0.000000 0.000000 0.000000 0.000000 0.000000 0.000000 0.000000 0.000000 0.000000 0.000000 0.000000 0.000000 0.000000 0.000000 0.000000 0.000000 0.000000 0.000000 0.000000
-0.000218 0.010432 0.006130 0.000968 0.010332 0.003851 -0.002121 0.000260 0.003386 0.005194 0.024401 0.003378 -0.010222 0.003808 0.001609 -0.015212 0.010761 0.004255 -0.001843 0.010871 0.025010 -0.007120 -0.015546 0.011400 0.011118 -0.008266 -0.005689 -0.041574 0.000000 0.000000 0.000000 0.000000 0.000000 0.000000 0.000000 0.000000 0.000000 0.000000 0.000000 0.000000 0.000000 0.000000 0.000000 0.000000 0.000000 0.000000 0.000000 0.000000 0.000000
0.006556 0.013644 0.007446 0.012625 -0.015444 0.009914 -0.005390 0.007331 0.020398 0.005062 -0.002736 0.010205 0.011431 -0.009113 -0.031728 0.009300 -0.034266 -0.013392 -0.010959 -0.007524 -0.029220 -0.012991 -0.003882 -0.012891 0.006763 0.001486 0.006777 0.031970 0.000000 0.000000 0.000000 0.000000 0.000000 0.000000 0.000000 0.000000 0.000000 0.000000 0.000000 0.000000 0.000000 0.000000 0.000000 0.000000 0.000000 0.000000 0.000000 0.000000 0.000000
-0.005643 0.009722 -0.008537 0.001032 0.006692 -0.006863 -0.007103 0.009425 0.014243 -0.006187 -0.014361 0.006048 0.005373 0.001796 0.011395 -0.013289 -0.011368 -0.039654 0.011912 -0.019452 -0.008199 0.008839 -0.003224 0.009990 -0.028243 -0.002153 -0.001211 0.024034 0.000000 0.000000 0.000000 0.000000 0.000000 0.000000 0.000000 0.000000 0.000000 0.000000 0.000000 0.000000 0.000000 0.000000 0.000000 0.000000 0.000000 0.000000 0.000000 0.000000 0.000000
-0.004176 0.000241 -0.002861 -0.001103 0.012918 0.000204 0.004155 -0.004102 0.001454 -0.015835 0.005468 -0.000095 -0.003913 0.012213 0.009418 -0.011097 -0.018452 0.009043 0.004783 -0.007194 0.041015 -0.006358 0.011983 -0.009732 0.017682 -0.030307 -0.041562 -0.027764 0.000000 0.000000 0.000000 0.000000 0.000000 0.000000 0.000000 0.000000 0.000000 0.000000 0.000000 0.000000 0.000000 0.000000 0.000000 0.000000 0.000000 0.000000 0.000000 0.000000 0.000000
0.036152 -0.015355 0.030472 0.013423 -0.022538 0.035797 -0.011112 0.021509 -0.022898 0.038455 -0.000300 0.021175 0.024103 -0.048948 -0.148119 0.003434 -0.012170 -0.012456 -0.003807 -0.000837 0.001438 -0.003253 -0.008370 0.011567 -0.009338 0.014989 0.023266 0.005805 0.000000 0.000000 0.000000 0.000000 0.000000 0.000000 0.000000 0.000000 0.000000 0.000000 0.000000 0.000000 0.000000 0.000000 0.000000 0.000000 0.000000 0.000000 0.000000 0.000000 0.000000
-0.056350 0.009954 -0.070761 -0.021569 0.004656 -0.075211 0.007755 -0.030665 0.043520 -0.020993 -0.011411 0.004598 -0.003781 0.043283 0.206826 0.014291 -0.018032 -0.013120 0.006762 -0.056006 -0.040304 0.004980 -0.005022 0.007319 -0.059540 -0.025076 -0.019169 0.056793 0.000000 0.000000 0.000000 0.000000 0.000000 0.000000 0.000000 0.000000 0.000000 0.000000 0.000000 0.000000 0.000000 0.000000 0.000000 0.000000 0.000000 0.000000 0.000000 0.000000 0.000000
-0.008707 -0.007800 0.000412 -0.004047 -0.007721 -0.001015 -0.012265 -0.007697 0.004786 -0.001779 0.015021 0.008769 -0.013765 0.009614 -0.009428 0.000741 -0.011815 0.010127 -0.007496 -0.005353 -0.001928 -0.019448 0.042576 -0.028153 0.016876 -0.007946 -0.022436 0.022446 0.000000 0.000000 0.000000 0.000000 0.000000 0.000000 0.000000 0.000000 0.000000 0.000000 0.000000 0.000000 0.000000 0.000000 0.000000 0.000000 0.000000 0.000000 0.000000 0.000000 0.000000
-0.005989 0.001672 0.014371 -0.009019 0.008883 -0.006674 -0.010432 -0.016697 0.003180 -0.002784 0.012419 0.013013 0.018067 -0.001780 0.020174 -0.017476 -0.001372 -0.005902 0.010258 -0.015929 -0.010936 0.039959 -0.012337 0.048717 -0.028254 0.001861 -0.011376 -0.008162 0.000000 0.000000 0.000000 0.000000 0.000000 0.000000 0.000000 0.000000 0.000000 0.000000 0.000000 0.000000 0.000000 0.000000 0.000000 0.000000 0.000000 0.000000 0.000000 0.000000 0.000000
0.009611 -0.007596 0.010749 0.008289 -0.013874 0.033272 0.005917 0.001952 -0.013874 -0.003553 -0.011863 0.023033 0.002835 -0.001646 -0.043135 0.002959 -0.019377 0.003136 -0.010387 0.021722 0.002156 -0.024479 0.047298 -0.052589 0.057758 0.004016 0.003639 -0.009099 0.000000 0.000000 0.000000 0.000000 0.000000 0.000000 0.000000 0.000000 0.000000 0.000000 0.000000 0.000000 0.000000 0.000000 0.000000 0.000000 0.000000 0.000000 0.000000 0.000000 0.000000
0.016872 -0.023072 -0.001566 0.003950 -0.015481 0.019544 -0.018964 0.028098 -0.041918 0.071791 0.007981 -0.002310 0.027720 -0.073165 -0.112519 -0.005136 0.005254 -0.030274 0.036698 0.014463 -0.052884 0.015812 -0.021675 0.040868 -0.136746 0.055506 -0.020106 0.058763 0.000000 0.000000 0.000000 0.000000 0.000000 0.000000 0.000000 0.000000 0.000000 0.000000 0.000000 0.000000 0.000000 0.000000 0.000000 0.000000 0.000000 0.000000 0.000000 0.000000 0.000000
0.010669 -0.002547 0.013019 0.005545 -0.004749 0.013740 -0.001526 0.002914 -0.009287 -0.002250 0.000364 -0.011531 0.001578 -0.026885 -0.039389 -0.000474 -0.001191 0.006001 -0.010986 0.012195 0.008955 -0.009289 0.005013 0.000097 0.029254 -0.021571 0.027617 -0.004744 0.000000 0.000000 0.000000 0.000000 0.000000 0.000000 0.000000 0.000000 0.000000 0.000000 0.000000 0.000000 0.000000 0.000000 0.000000 0.000000 0.000000 0.000000 0.000000 0.000000 0.000000
0.005524 -0.017472 -0.006259 0.005279 -0.010477 0.004451 -0.010192 0.018368 -0.017727 0.022087 -0.005324 -0.007662 0.006713 -0.021674 -0.023750 -0.005680 -0.003171 -0.001551 -0.039090 0.038518 -0.032586 -0.022027 -0.013129 0.006615 -0.020679 0.049476 0.070285 0.030534 0.000000 0.000000 0.000000 0.000000 0.000000 0.000000 0.000000 0.000000 0.000000 0.000000 0.000000 0.000000 0.000000 0.000000 0.000000 0.000000 0.000000 0.000000 0.000000 0.000000 0.000000
-0.130109 0.044120 -0.121363 -0.047462 0.048413 -0.133857 0.023400 -0.047440 0.065875 -0.092796 -0.008297 0.006220 -0.031206 0.115839 0.449066 0.003812 0.009934 0.016260 -0.021523 -0.121382 -0.008379 0.013469 -0.005408 0.005343 -0.027926 -0.083269 0.028595 0.037439 0.000000 0.000000 0.000000 0.000000 0.000000 0.000000 0.000000 0.000000 0.000000 0.000000 0.000000 0.000000 0.000000 0.000000 0.000000 0.000000 0.000000 0.000000 0.000000 0.000000 0.000000
0.000000 0.000000 0.000000 0.000000 0.000000 0.000000 0.000000 0.000000 0.000000 0.000000 0.000000 0.000000 0.000000 0.000000 0.000000 0.000000 0.000000 0.000000 0.000000 0.000000 0.000000 0.000000 0.000000 0.000000 0.000000 0.000000 0.000000 0.000000 0.001275 0.000686 0.002693 -0.003246 -0.003352 -0.004639 -0.004263 -0.005552 -0.001632 -0.001856 -0.001101 0.002920 0.003342 -0.001927 0.000698 -0.001404 -0.001524 0.004500 -0.003646 -0.002450 -0.003300
0.000000 0.000000 0.000000 0.000000 0.000000 0.000000 0.000000 0.000000 0.000000 0.000000 0.000000 0.000000 0.000000 0.000000 0.000000 0.000000 0.000000 0.000000 0.000000 0.000000 0.000000 0.000000 0.000000 0.000000 0.000000 0.000000 0.000000 0.000000 -0.002254 0.000618 0.000373 0.001861 -0.001985 -0.003740 -0.000121 -0.003650 -0.001924 0.000510 0.000412 0.001422 0.000443 -0.001354 -0.001294 -0.003728 0.000785 0.007491 -0.002361 -0.000170 -0.001349
0.000000 0.000000 0.000000 0.000000 0.000000 0.000000 0.000000 0.000000 0.000000 0.000000 0.000000 0.000000 0.000000 0.000000 0.000000 0.000000 0.000000 0.000000 0.000000 0.000000 0.000000 0.000000 0.000000 0.000000 0.000000 0.000000 0.000000 0.000000 -0.000088 0.000199 0.001678 0.002590 0.006466 0.001898 -0.001902 -0.000763 -0.000629 0.001261 0.000128 0.008904 0.001986 0.000474 -0.001113 -0.000339 -0.008890 -0.004594 0.000647 -0.005530 -0.009713
0.000000 0.000000 0.000000 0.000000 0.000000 0.000000 0.000000 0.000000 0.000000 0.000000 0.000000 0.000000 0.000000 0.000000 0.000000 0.000000 0.000000 0.000000 0.000000 0.000000 0.000000 0.000000 0.000000 0.000000 0.000000 0.000000 0.000000 0.000000 -0.006424 0.001814 0.000162 0.001373 -0.000385 0.001040 -0.017563 -0.005885 0.002631 -0.000774 0.007239 0.000871 -0.004229 -0.000976 -0.001985 -0.002707 -0.001640 0.002473 -0.002604 0.002760 0.004694
0.000000 0.000000 0.000000 0.000000 0.000000 0.000000 0.000000 0.000000 0.000000 0.000000 0.000000 0.000000 0.000000 0.000000 0.000000 0.000000 0.000000 0.000000 0.000000 0.000000 0.000000 0.000000 0.000000 0.000000 0.000000 0.000000 0.000000 0.000000 -0.005390 0.001128 0.004360 0.005962 0.002746 0.007173 -0.005787 -0.012815 -0.005626 -0.002765 0.005748 0.006809 0.007784 -0.008586 -0.005077 -0.005334 -0.008193 -0.013857 -0.007154 0.001480 0.000093
0.000000 0.000000 0.000000 0.000000 0.000000 0.000000 0.000000 0.000000 0.000000 0.000000 0.000000 0.000000 0.000000 0.000000 0.000000 0.000000 0.000000 0.000000 0.000000 0.000000 0.000000 0.000000 0.000000 0.000000 0.000000 0.000000 0.000000 0.000000 0.001097 -0.001996 0.003476 -0.001005 0.008434 -0.001060 0.004044 -0.009187 -0.005289 -0.000201 -0.004328 0.009667 -0.004923 0.004546 -0.001384 0.006624 -0.013490 -0.008892 0.007890 -0.004682 -0.006855
0.000000 0.000000 0.000000 0.000000 0.000000 0.000000 0.000000 0.000000 0.000000 0.000000 0.000000 0.000000 0.000000 0.000000 0.000000 0.000000 0.000000 0.000000 0.000000 0.000000 0.000000 0.000000 0.000000 0.000000 0.000000 0.000000 0.000000 0.000000 0.000746 0.001295 0.000072 -0.020849 -0.002890 0.003253 -0.094350 -0.026910 0.012885 -0.007066 0.024983 0.006811 -0.008204 0.006049 0.003915 0.025099 0.009953 -0.007423 0.003513 -0.004652 -0.002087
0.000000 0.000000 0.000000 0.000000 0.000000 0.000000 0.000000 0.000000 0.000000 0.000000 0.000000 0.000000 0.000000 0.000000 0.000000 0.000000 0.000000 0.000000 0.000000 0.000000 0.000000 0.000000 0.000000 0.000000 0.000000 0.000000 0.000000 0.000000 0.001173 0.000080 0.003290 -0.007147 -0.017837 -0.005959 -0.027040 -0.070548 -0.027788 0.000236 0.007820 0.022790 0.013477 -0.009658 -0.020920 0.011750 0.018435 0.014000 -0.002034 0.002766 -0.009644
0.000000 0.000000 0.000000 0.000000 0.000000 0.000000 0.000000 0.000000 0.000000 0.000000 0.000000 0.000000 0.000000 0.000000 0.000000 0.000000 0.000000 0.000000 0.000000 0.000000 0.000000 0.000000 0.000000 0.000000 0.000000 0.000000 0.000000 0.000000 0.001025 0.000022 -0.000583 0.004220 -0.006218 -0.007810 0.014926 -0.026986 -0.040166 -0.002534 -0.006382 0.011665 0.009908 0.001733 -0.015642 -0.007355 0.015521 0.010177 -0.001861 0.008452 -0.005661
0.000000 0.000000 0.000000 0.000000 0.000000 0.000000 0.000000 0.000000 0.000000 0.000000 0.000000 0.000000 0.000000 0.000000 0.000000 0.000000 0.000000 0.000000 0.000000 0.000000 0.000000 0.000000 0.000000 0.000000 0.000000 0.000000 0.000000 0.000000 0.000495 0.001217 -0.000284 -0.008076 0.004264 0.001653 -0.029826 0.005291 -0.001502 -0.012346 0.010416 -0.004136 0.000972 0.010264 0.004262 0.005627 -0.000665 -0.000185 0.011969 0.002993 0.013298
0.000000 0.000000 0.000000 0.000000 0.000000 0.000000 0.000000 0.000000 0.000000 0.000000 0.000000 0.000000 0.000000 0.000000 0.000000 0.000000 0.000000 0.000000 0.000000 0.000000 0.000000 0.000000 0.000000 0.000000 0.000000 0.000000 0.000000 0.000000 -0.009146 -0.000042 -0.004919 0.012588 0.008611 0.000066 0.021296 0.002378 -0.010642 0.004808 0.001087 0.001142 -0.013211 0.018473 0.002796 -0.007771 -0.000856 0.006442 -0.003588 0.001061 0.003296
0.000000 0.000000 0.000000 0.000000 0.000000 0.000000 0.000000 0.000000 0.000000 0.000000 0.000000 0.000000 0.000000 0.000000 0.000000 0.000000 0.000000 0.000000 0.000000 0.000000 0.000000 0.000000 0.000000 0.000000 0.000000 0.000000 0.000000 0.000000 0.000744 0.002011 0.008260 0.006940 0.005701 0.008947 0.006329 0.017495 0.012087 -0.006383 0.007591 0.011129 0.024250 -0.015245 0.003795 0.001432 0.000187 -0.004104 -0.006629 -0.000804 0.000992
0.000000 0.000000 0.000000 0.000000 0.000000 0.000000 0.000000 0.000000 0.000000 0.000000 0.000000 0.000000 0.000000 0.000000 0.000000 0.000000 0.000000 0.000000 0.000000 0.000000 0.000000 0.000000 0.000000 0.000000 0.000000 0.000000 0.000000 0.000000 0.007561 -0.001259 0.003215 -0.002927 0.011198 0.005991 -0.007081 0.013669 0.006371 0.003173 -0.007448 0.017695 -0.012371 0.016770 -0.008566 0.006554 -0.000122 0.000625 0.004658 -0.002562 -0.004839
0.000000 0.000000 0.000000 0.000000 0.000000 0.000000 0.000000 0.000000 0.000000 0.000000 0.000000 0.000000 0.000000 0.000000 0.000000 0.000000 0.000000 0.000000 0.000000 0.000000 0.000000 0.000000 0.000000 0.000000 0.000000 0.000000 0.000000 0.000000 -0.002380 0.000025 0.000999 0.003188 -0.000916 0.013838 0.008295 -0.011117 -0.005513 0.005145 0.012785 -0.006167 0.004140 0.012357 -0.015640 -0.007529 -0.005333 0.006195 -0.005302 0.007018 0.034001
0.000000 0.000000 0.000000 0.000000 0.000000 0.000000 0.000000 0.000000 0.000000 0.000000 0.000000 0.000000 0.000000 0.000000 0.000000 0.000000 0.000000 0.000000 0.000000 0.000000 0.000000 0.000000 0.000000 0.000000 0.000000 0.000000 0.000000 0.000000 -0.003533 -0.001732 -0.000823 -0.000655 -0.007785 -0.005128 0.000392 -0.035357 -0.014582 0.004084 0.000475 0.009900 -0.000186 -0.020519 -0.032130 0.004205 0.010172 -0.000405 -0.007363 -0.027987 -0.025502
0.000000 0.000000 0.000000 0.000000 0.000000 0.000000 0.000000 0.000000 0.000000 0.000000 0.000000 0.000000 0.000000 0.000000 0.000000 0.000000 0.000000 0.000000 0.000000 0.000000 0.000000 0.000000 0.000000 0.000000 0.000000 0.000000 0.000000 0.000000 0.014366 -0.002531 0.003129 -0.018003 -0.002082 0.003240 0.025294 0.012063 -0.009288 0.002820 -0.003934 -0.000351 0.005881 -0.009501 0.004307 0.039792 0.026367 -0.025714 0.018973 -0.007264 -0.005864
0.000000 0.000000 0.000000 0.000000 0.000000 0.000000 0.000000 0.000000 0.000000 0.000000 0.000000 0.000000 0.000000 0.000000 0.000000 0.000000 0.000000 0.000000 0.000000 0.000000 0.000000 0.000000 0.000000 0.000000 0.000000 0.000000 0.000000 0.000000 0.008060 0.002339 0.002835 -0.009937 -0.021294 -0.002541 0.011362 0.016447 0.018510 -0.000168 -0.001730 -0.002004 -0.002158 -0.002871 0.003622 0.021259 0.009043 0.023660 -0.005619 -0.000034 -0.015843
0.000000 0.000000 0.000000 0.000000 0.000000 0.000000 0.000000 0.000000 0.000000 0.000000 0.000000 0.000000 0.000000 0.000000 0.000000 0.000000 0.000000 0.000000 0.000000 0.000000 0.000000 0.000000 0.000000 0.000000 0.000000 0.000000 0.000000 0.000000 -0.001351 0.007317 -0.005202 0.005306 -0.003594 -0.006943 -0.010662 0.015048 0.002385 0.005117 0.002454 -0.006759 -0.003599 0.005276 -0.000366 -0.020397 0.023783 -0.006599 -0.010972 0.004776 -0.004583
0.000000 0.000000 0.000000 0.000000 0.000000 0.000000 0.000000 0.000000 0.000000 0.000000 0.000000 0.000000 0.000000 0.000000 0.000000 0.000000 0.000000 0.000000 0.000000 0.000000 0.000000 0.000000 0.000000 0.000000 0.000000 0.000000 0.000000 0.000000 0.004006 0.002522 -0.000583 -0.011710 0.014671 -0.005971 0.011533 -0.003332 -0.003334 0.008850 -0.004519 0.000677 -0.005174 0.004969 -0.007815 0.013061 0.006585 -0.018290 0.058036 -0.009082 0.020377
0.000000 0.000000 0.000000 0.000000 0.000000 0.000000 0.000000 0.000000 0.000000 0.000000 0.000000 0.000000 0.000000 0.000000 0.000000 0.000000 0.000000 0.000000 0.000000 0.000000 0.000000 0.000000 0.000000 0.000000 0.000000 0.000000 0.000000 0.000000 0.002325 0.000977 0.000401 0.003187 -0.003046 -0.001030 -0.007509 -0.000249 0.000103 0.021714 0.003623 -0.001951 0.000312 0.003082 -0.008815 -0.004364 -0.001453 0.009716 -0.016717 -0.020892 0.026931
0.000000 0.000000 0.000000 0.000000 0.000000 0.000000 0.000000 0.000000 0.000000 0.000000 0.000000 0.000000 0.000000 0.000000 0.000000 0.000000 0.000000 0.000000 0.000000 0.000000 0.000000 0.000000 0.000000 0.000000 0.000000 0.000000 0.000000 0.000000 0.010676 0.005025 0.004690 0.002598 0.003075 -0.003760 -0.001692 -0.010028 0.001132 0.013271 0.003424 -0.001227 -0.004790 0.042965 -0.031827 -0.006716 -0.014957 0.000811 0.018050 0.020524 0.092105
