-0.206611 0.058886 -0.224690 -0.081758 0.078641 -0.257211 0.045646 -0.083652 0.116341 -0.136092 -0.027755 0.017942 -0.038136 0.172549 0.746289 0.018883 -0.004970 0.005095 -0.016219 -0.216964 -0.025744 0.006731 0.000538 -0.006041 -0.092413 -0.141409 0.037677 0.104059 0.000000 0.000000 0.000000 0.000000 0.000000 0.000000 0.000000 0.000000 0.000000 0.000000 0.000000 0.000000 0.000000 0.000000 0.000000 0.000000 0.000000 0.000000 0.000000 0.000000 0.000000
-0.024299 0.004097 -0.023506 -0.001736 0.010938 -0.020133 -0.004715 -0.002740 -0.001273 -0.002491 0.002030 0.000075 0.002302 0.006396 0.059547 -0.007924 0.003443 0.000100 -0.003340 -0.015153 -0.005509 0.008765 -0.014637 0.011247 -0.028265 -0.004845 -0.001003 0.016391 0.000000 0.000000 0.000000 0.000000 0.000000 0.000000 0.000000 0.000000 0.000000 0.000000 0.000000 0.000000 0.000000 0.000000 0.000000 0.000000 0.000000 0.000000 0.000000 0.000000 0.000000
-0.007892 -0.013684 -0.014562 -0.004956 -0.001592 -0.016395 -0.002837 -0.006335 0.001282 -0.002364 -0.001070 0.009563 0.002960 0.006358 0.040305 0.010310 -0.002612 0.007354 0.003569 -0.009800 -0.028634 -0.014389 -0.007110 -0.008761 -0.012831 0.006602 0.002227 0.029542 0.000000 0.000000 0.000000 0.000000 0.000000 0.000000 0.000000 0.000000 0.000000 0.000000 0.000000 0.000000 0.000000 0.000000 0.000000 0.000000 0.000000 0.000000 0.000000 0.000000 0.000000
-0.010072 -0.012460 -0.044148 -0.001330 -0.007052 -0.033832 -0.003511 -0.002125 0.010142 0.017985 -0.002642 0.001213 0.002163 0.004517 0.060824 0.015688 -0.002946 -0.006856 0.028812 -0.032902 -0.058797 0.009625 -0.004997 -0.000467 -0.064437 0.004320 -0.009781 0.068041 0.000000 0.000000 0.000000 0.000000 0.000000 0.000000 0.000000 0.000000 0.000000 0.000000 0.000000 0.000000 0.000000 0.000000 0.000000 0.000000 0.000000 0.000000 0.000000 0.000000 0.000000
0.003629 -0.005460 -0.003741 -0.025837 -0.010133 -0.007866 0.007062 -0.013780 0.000354 0.020117 0.006891 0.003270 0.002850 -0.009646 0.006644 0.014291 -0.017108 -0.002355 0.002787 -0.008343 -0.058789 0.013043 0.004701 -0.017130 -0.040735 0.011371 -0.009096 0.040008 0.000000 0.000000 0.000000 0.000000 0.000000 0.000000 0.000000 0.000000 0.000000 0.000000 0.000000 0.000000 0.000000 0.000000 0.000000 0.000000 0.000000 0.000000 0.000000 0.000000 0.000000
0.006172 -0.004200 -0.010839 -0.012558 -0.030112 -0.012097 -0.006176 -0.018764 0.006541 0.015172 -0.008026 0.004664 0.006225 -0.011378 -0.004501 0.036721 -0.028995 -0.019647 0.005417 -0.018112 -0.062724 -0.005850 0.006820 -0.001103 -0.026388 0.009522 -0.007735 0.068818 0.000000 0.000000 0.000000 0.000000 0.000000 0.000000 0.000000 0.000000 0.000000 0.000000 0.000000 0.000000 0.000000 0.000000 0.000000 0.000000 0.000000 0.000000 0.000000 0.000000 0.000000
-0.012156 -0.006696 -0.021446 -0.000967 -0.015737 -0.028559 0.000658 0.002672 -0.008864 0.034047 0.003822 -0.004980 0.005160 -0.016036 -0.009323 0.021190 0.004472 -0.003719 0.015788 -0.007020 -0.027433 0.001230 0.007733 0.008945 -0.031216 0.013396 -0.010225 0.064870 0.000000 0.000000 0.000000 0.000000 0.000000 0.000000 0.000000 0.000000 0.000000 0.000000 0.000000 0.000000 0.000000 0.000000 0.000000 0.000000 0.000000 0.000000 0.000000 0.000000 0.000000
-0.006834 -0.002229 -0.005750 -0.008879 0.006986 -0.014595 0.017656 0.005755 0.001797 0.024059 -0.029795 0.000604 0.002630 -0.007137 0.013577 0.008761 -0.013709 -0.015524 -0.007270 -0.010912 -0.021852 -0.050891 -0.004372 0.022218 -0.040674 0.009941 -0.021140 0.011394 0.000000 0.000000 0.000000 0.000000 0.000000 0.000000 0.000000 0.000000 0.000000 0.000000 0.000000 0.000000 0.000000 0.000000 0.000000 0.000000 0.000000 0.000000 0.000000 0.000000 0.000000
0.020667 -0.005684 0.015987 -0.001380 -0.021598 0.014394 0.001056 0.003848 0.004300 -0.001810 0.000587 -0.027584 -0.005845 -0.000649 -0.056269 0.016116 -0.014066 -0.009435 -0.006152 0.020385 -0.002549 -0.037049 -0.010270 -0.019616 0.054992 -0.005425 0.001565 0.009579 0.000000 0.000000 0.000000 0.000000 0.000000 0.000000 0.000000 0.000000 0.000000 0.000000 0.000000 0.000000 0.000000 0.000000 0.000000 0.000000 0.000000 0.000000 0.000000 0.000000 0.000000
-0.010803 -0.007420 -0.017394 -0.012142 0.011808 -0.022369 -0.001215 0.012266 0.008820 0.027976 0.002674 0.022121 -0.008596 -0.016082 0.009740 0.003422 0.027317 0.000922 0.008929 0.000548 -0.038666 0.065379 -0.030674 0.007163 -0.100107 0.028634 -0.015040 0.051515 0.000000 0.000000 0.000000 0.000000 0.000000 0.000000 0.000000 0.000000 0.000000 0.000000 0.000000 0.000000 0.000000 0.000000 0.000000 0.000000 0.000000 0.000000 0.000000 0.000000 0.000000
-0.028069 0.028042 0.006652 -0.018197 0.045464 -0.034105 0.028099 -0.042134 0.068802 -0.069670 -0.000043 0.008015 -0.030935 0.045019 0.129712 -0.007938 0.006544 0.019631 -0.011364 -0.011772 0.068757 -0.004977 0.021919 -0.039533 0.071077 -0.059266 0.030225 -0.073278 0.000000 0.000000 0.000000 0.000000 0.000000 0.000000 0.000000 0.000000 0.000000 0.000000 0.000000 0.000000 0.000000 0.000000 0.000000 0.000000 0.000000 0.000000 0.000000 0.000000 0.000000
0.019246 0.002685 0.007569 0.007539 -0.006529 0.014493 -0.029036 -0.002785 0.007856 0.021545 -0.078041 0.006371 -0.022652 0.010589 -0.064414 0.017987 -0.016655 -0.003746 -0.008411 0.021087 -0.000666 0.020169 0.003360 0.004238 0.007320 0.032616 -0.012209 0.002226 0.000000 0.000000 0.000000 0.000000 0.000000 0.000000 0.000000 0.000000 0.000000 0.000000 0.000000 0.000000 0.000000 0.000000 0.000000 0.000000 0.000000 0.000000 0.000000 0.000000 0.000000
0.006187 0.005916 0.014972 0.004568 0.000493 0.012104 0.001304 -0.025552 0.017996 0.006312 0.008395 -0.079692 0.040305 -0.022400 -0.036710 -0.005267 0.021409 -0.015967 0.008767 0.038124 0.000932 -0.004701 0.019716 0.011611 -0.000088 0.003693 -0.010337 -0.003799 0.000000 0.000000 0.000000 0.000000 0.000000 0.000000 0.000000 0.000000 0.000000 0.000000 0.000000 0.000000 0.000000 0.000000 0.000000 0.000000 0.000000 0.000000 0.000000 0.000000 0.000000
0.015652 0.001384 0.019872 0.010541 -0.003580 0.017923 -0.004674 0.000786 -0.017495 -0.019247 -0.020384 0.035166 -0.089417 0.005373 -0.031973 0.006424 -0.006685 0.030048 0.000128 0.043707 0.013909 -0.019307 0.000146 0.020197 0.038164 -0.010068 0.002331 -0.016137 0.000000 0.000000 0.000000 0.000000 0.000000 0.000000 0.000000 0.000000 0.000000 0.000000 0.000000 0.000000 0.000000 0.000000 0.000000 0.000000 0.000000 0.000000 0.000000 0.000000 0.000000
-0.039858 -0.003361 -0.057342 -0.013938 -0.012773 -0.047964 -0.005603 0.006580 -0.015871 0.007199 0.019946 -0.006223 0.013269 -0.056302 0.102487 0.001925 -0.004299 -0.015092 0.031815 -0.039572 -0.051010 -0.002160 -0.014474 0.019052 -0.067995 -0.055806 -0.005610 0.086488 0.000000 0.000000 0.000000 0.000000 0.000000 0.000000 0.000000 0.000000 0.000000 0.000000 0.000000 0.000000 0.000000 0.000000 0.000000 0.000000 0.000000 0.000000 0.000000 0.000000 0.000000
-0.173164 0.060560 -0.189632 -0.070450 0.070203 -0.223486 0.044021 -0.078026 0.108971 -0.123502 -0.027981 0.024617 -0.029804 0.156178 0.650473 0.017633 -0.017321 -0.001483 -0.029523 -0.204406 -0.007693 0.000443 0.000184 -0.001595 -0.063660 -0.118822 0.039994 0.067005 0.000000 0.000000 0.000000 0.000000 0.000000 0.000000 0.000000 0.000000 0.000000 0.000000 0.000000 0.000000 0.000000 0.000000 0.000000 0.000000 0.000000 0.000000 0.000000 0.000000 0.000000
-0.012265 0.018938 0.036326 0.001692 0.047766 0.040226 0.021339 0.004370 0.019644 -0.021543 0.016752 -0.002085 0.005027 -0.011534 -0.044054 -0.026720 0.014783 0.014362 -0.016180 0.034493 0.051221 -0.002417 0.000320 0.024806 0.030907 -0.005424 -0.007814 -0.049911 0.000000 0.000000 0.000000 0.000000 0.000000 0.000000 0.000000 0.000000 0.000000 0.000000 0.000000 0.000000 0.000000 0.000000 0.000000 0.000000 0.000000 0.000000 0.000000 0.000000 0.000000
0.039581 -0.006438 0.028159 -0.011161 -0.036608 0.050021 -0.020773 -0.008280 0.025671 0.038655 -0.010759 0.019902 -0.004462 -0.040371 -0.192883 0.014755 -0.021276 -0.029319 0.010872 0.028253 -0.030664 -0.029583 -0.007142 0.009085 0.012513 0.038415 -0.022499 0.067132 0.000000 0.000000 0.000000 0.000000 0.000000 0.000000 0.000000 0.000000 0.000000 0.000000 0.000000 0.000000 0.000000 0.000000 0.000000 0.000000 0.000000 0.000000 0.000000 0.000000 0.000000
0.011968 0.014327 0.004306 -0.014481 -0.010571 -0.000793 -0.004020 -0.020841 0.017136 0.047392 -0.003849 -0.013581 0.030522 -0.033702 -0.078979 0.011493 -0.025061 -0.013105 -0.002290 0.004459 -0.024777 -0.023354 -0.006033 0.002699 -0.015910 0.021124 0.005105 0.040882 0.000000 0.000000 0.000000 0.000000 0.000000 0.000000 0.000000 0.000000 0.000000 0.000000 0.000000 0.000000 0.000000 0.000000 0.000000 0.000000 0.000000 0.000000 0.000000 0.000000 0.000000
-0.024546 0.018372 0.028202 -0.008858 0.026682 -0.007729 0.005312 -0.024007 0.020838 -0.036909 -0.016166 0.008758 -0.007493 0.054901 0.064463 -0.016734 -0.002167 -0.002462 0.008842 -0.029236 0.037075 -0.014043 -0.001342 0.006465 0.026962 -0.028369 -0.017732 -0.060556 0.000000 0.000000 0.000000 0.000000 0.000000 0.000000 0.000000 0.000000 0.000000 0.000000 0.000000 0.000000 0.000000 0.000000 0.000000 0.000000 0.000000 0.000000 0.000000 0.000000 0.000000
0.056330 -0.023551 0.028534 0.018685 -0.044257 0.044595 -0.023971 0.031633 -0.034007 0.076649 0.009244 0.015732 0.041588 -0.048431 -0.191383 0.011088 -0.021090 -0.019540 -0.003348 0.026229 -0.016352 -0.009343 -0.007761 0.002223 -0.010791 0.040967 -0.002504 0.001627 0.000000 0.000000 0.000000 0.000000 0.000000 0.000000 0.000000 0.000000 0.000000 0.000000 0.000000 0.000000 0.000000 0.000000 0.000000 0.000000 0.000000 0.000000 0.000000 0.000000 0.000000
-0.059858 -0.009287 -0.117356 -0.039768 -0.025227 -0.089760 -0.010796 -0.012374 -0.008442 0.029494 -0.010967 0.001413 -0.000650 0.028690 0.231434 0.023591 -0.024290 -0.018518 0.011250 -0.075270 -0.071907 -0.007251 0.000539 -0.005424 -0.074310 -0.034922 -0.005367 0.077953 0.000000 0.000000 0.000000 0.000000 0.000000 0.000000 0.000000 0.000000 0.000000 0.000000 0.000000 0.000000 0.000000 0.000000 0.000000 0.000000 0.000000 0.000000 0.000000 0.000000 0.000000
0.039907 -0.020404 0.034652 0.015807 -0.007518 0.021760 -0.061738 -0.025728 0.049299 0.027685 0.025230 -0.005653 -0.014517 -0.033459 -0.126248 -0.004164 -0.025389 -0.028472 -0.006767 0.025782 -0.011452 -0.022808 0.018895 0.000998 0.010839 0.019594 -0.014857 0.013697 0.000000 0.000000 0.000000 0.000000 0.000000 0.000000 0.000000 0.000000 0.000000 0.000000 0.000000 0.000000 0.000000 0.000000 0.000000 0.000000 0.000000 0.000000 0.000000 0.000000 0.000000
-0.031744 0.003003 -0.005372 -0.003889 0.014829 0.009877 0.011397 -0.024616 -0.010763 0.024319 0.000954 0.021137 -0.002529 -0.012937 -0.001878 0.003459 -0.012515 0.003004 -0.004047 -0.002563 0.011282 0.019057 0.012609 0.007610 -0.026663 0.003573 -0.015262 -0.006484 0.000000 0.000000 0.000000 0.000000 0.000000 0.000000 0.000000 0.000000 0.000000 0.000000 0.000000 0.000000 0.000000 0.000000 0.000000 0.000000 0.000000 0.000000 0.000000 0.000000 0.000000
0.027905 -0.018072 -0.011391 -0.012103 -0.004368 0.020904 0.005196 -0.005881 -0.009625 -0.057094 0.005626 0.011608 0.021097 0.022845 0.012722 0.020365 0.016286 -0.010121 0.010863 -0.008002 -0.016288 0.002367 0.006479 -0.016262 0.042837 0.002706 -0.003331 0.023241 0.000000 0.000000 0.000000 0.000000 0.000000 0.000000 0.000000 0.000000 0.000000 0.000000 0.000000 0.000000 0.000000 0.000000 0.000000 0.000000 0.000000 0.000000 0.000000 0.000000 0.000000
0.015660 -0.045679 -0.034447 0.006194 -0.073637 0.029649 -0.066563 0.083553 -0.130986 0.185675 0.015821 -0.013305 0.048798 -0.094667 -0.162357 0.028434 0.000931 -0.014374 0.035948 0.018305 -0.103906 -0.002435 -0.019271 0.036404 -0.110532 0.072512 -0.036959 0.069727 0.000000 0.000000 0.000000 0.000000 0.000000 0.000000 0.000000 0.000000 0.000000 0.000000 0.000000 0.000000 0.000000 0.000000 0.000000 0.000000 0.000000 0.000000 0.000000 0.000000 0.000000
0.024743 0.015071 0.045636 0.011049 0.004442 0.043007 0.014011 -0.005422 -0.002575 -0.039624 0.022019 -0.014944 -0.006932 -0.064467 -0.059907 -0.023771 -0.002446 0.001178 -0.008598 0.034883 0.021511 -0.008837 -0.000407 0.007761 0.051819 -0.014009 0.015150 -0.035366 0.000000 0.000000 0.000000 0.000000 0.000000 0.000000 0.000000 0.000000 0.000000 0.000000 0.000000 0.000000 0.000000 0.000000 0.000000 0.000000 0.000000 0.000000 0.000000 0.000000 0.000000
0.001169 -0.013535 -0.013582 0.009277 -0.027079 0.002866 -0.035803 0.016997 -0.027774 0.055541 -0.005181 -0.008731 0.007080 -0.019229 -0.031456 -0.003759 -0.010897 0.009368 -0.019319 0.016887 -0.039223 -0.008895 -0.012834 -0.006984 -0.026727 0.028408 0.024936 0.024684 0.000000 0.000000 0.000000 0.000000 0.000000 0.000000 0.000000 0.000000 0.000000 0.000000 0.000000 0.000000 0.000000 0.000000 0.000000 0.000000 0.000000 0.000000 0.000000 0.000000 0.000000
-0.105588 0.053749 -0.059718 -0.031008 0.079105 -0.084637 0.037091 -0.032687 0.062573 -0.158400 -0.020197 0.005175 -0.025577 0.120098 0.369209 -0.024813 0.018323 0.019764 -0.044713 -0.089518 0.051668 0.006715 -0.009937 0.015597 0.006638 -0.083396 0.031114 -0.012534 0.000000 0.000000 0.000000 0.000000 0.000000 0.000000 0.000000 0.000000 0.000000 0.000000 0.000000 0.000000 0.000000 0.000000 0.000000 0.000000 0.000000 0.000000 0.000000 0.000000 0.000000
0.000000 0.000000 0.000000 0.000000 0.000000 0.000000 0.000000 0.000000 0.000000 0.000000 0.000000 0.000000 0.000000 0.000000 0.000000 0.000000 0.000000 0.000000 0.000000 0.000000 0.000000 0.000000 0.000000 0.000000 0.000000 0.000000 0.000000 0.000000 -0.010178 0.010778 0.002379 -0.010736 0.004219 0.001635 0.002312 -0.004688 0.000617 -0.001901 0.001300 0.005696 0.018659 0.001720 0.003310 0.002491 0.009972 0.003212 -0.009896 -0.002066 -0.007252
0.000000 0.000000 0.000000 0.000000 0.000000 0.000000 0.000000 0.000000 0.000000 0.000000 0.000000 0.000000 0.000000 0.000000 0.000000 0.000000 0.000000 0.000000 0.000000 0.000000 0.000000 0.000000 0.000000 0.000000 0.000000 0.000000 0.000000 0.000000 -0.003468 -0.006565 0.000728 0.007558 -0.012634 0.016349 -0.000182 -0.002504 0.001121 -0.004019 -0.003536 -0.003864 0.017738 -0.002412 0.001820 0.008976 -0.000061 0.012787 0.004235 -0.000264 -0.008058
0.000000 0.000000 0.000000 0.000000 0.000000 0.000000 0.000000 0.000000 0.000000 0.000000 0.000000 0.000000 0.000000 0.000000 0.000000 0.000000 0.000000 0.000000 0.000000 0.000000 0.000000 0.000000 0.000000 0.000000 0.000000 0.000000 0.000000 0.000000 0.006224 -0.003744 -0.008770 0.001523 -0.006540 0.002313 -0.000172 0.002759 -0.004079 0.008409 -0.001626 -0.004257 0.005460 0.011022 0.001422 0.003025 0.019204 0.004559 0.004684 -0.004644 -0.001851
0.000000 0.000000 0.000000 0.000000 0.000000 0.000000 0.000000 0.000000 0.000000 0.000000 0.000000 0.000000 0.000000 0.000000 0.000000 0.000000 0.000000 0.000000 0.000000 0.000000 0.000000 0.000000 0.000000 0.000000 0.000000 0.000000 0.000000 0.000000 -0.003984 0.004036 -0.000392 0.025448 0.001179 -0.002526 -0.023804 0.003150 -0.005490 0.012817 0.016026 0.007982 -0.004633 0.009758 -0.000025 -0.047935 -0.001624 0.017020 0.020660 -0.011366 -0.011454
0.000000 0.000000 0.000000 0.000000 0.000000 0.000000 0.000000 0.000000 0.000000 0.000000 0.000000 0.000000 0.000000 0.000000 0.000000 0.000000 0.000000 0.000000 0.000000 0.000000 0.000000 0.000000 0.000000 0.000000 0.000000 0.000000 0.000000 0.000000 0.000100 0.002585 0.000163 0.010867 0.010253 0.005128 -0.000246 -0.024080 0.014707 -0.005374 -0.011272 -0.004547 0.001710 0.005743 -0.008809 0.012409 -0.038759 0.012076 -0.014856 0.000736 -0.000451
0.000000 0.000000 0.000000 0.000000 0.000000 0.000000 0.000000 0.000000 0.000000 0.000000 0.000000 0.000000 0.000000 0.000000 0.000000 0.000000 0.000000 0.000000 0.000000 0.000000 0.000000 0.000000 0.000000 0.000000 0.000000 0.000000 0.000000 0.000000 0.003421 0.009890 -0.009650 -0.016163 0.012791 0.014878 0.000675 0.005423 -0.021073 -0.004165 0.009499 -0.013294 0.012592 0.003631 -0.006696 -0.007899 0.020246 -0.051421 0.009188 -0.002381 0.001784
0.000000 0.000000 0.000000 0.000000 0.000000 0.000000 0.000000 0.000000 0.000000 0.000000 0.000000 0.000000 0.000000 0.000000 0.000000 0.000000 0.000000 0.000000 0.000000 0.000000 0.000000 0.000000 0.000000 0.000000 0.000000 0.000000 0.000000 0.000000 -0.000356 0.001759 0.001273 -0.023934 -0.000678 -0.001351 -0.069796 0.006732 -0.026466 0.025335 0.019242 -0.003503 0.011173 -0.010404 -0.000715 0.029919 -0.003180 -0.001721 -0.012485 -0.026183 0.009366
0.000000 0.000000 0.000000 0.000000 0.000000 0.000000 0.000000 0.000000 0.000000 0.000000 0.000000 0.000000 0.000000 0.000000 0.000000 0.000000 0.000000 0.000000 0.000000 0.000000 0.000000 0.000000 0.000000 0.000000 0.000000 0.000000 0.000000 0.000000 -0.002905 -0.003692 -0.000609 -0.001280 -0.020349 0.005619 0.008241 -0.063768 0.042582 -0.007061 -0.001583 0.025848 -0.005777 -0.004479 -0.042454 -0.003967 0.027073 -0.009584 0.000404 -0.004422 -0.005891
0.000000 0.000000 0.000000 0.000000 0.000000 0.000000 0.000000 0.000000 0.000000 0.000000 0.000000 0.000000 0.000000 0.000000 0.000000 0.000000 0.000000 0.000000 0.000000 0.000000 0.000000 0.000000 0.000000 0.000000 0.000000 0.000000 0.000000 0.000000 0.000202 -0.001173 0.001542 0.003235 0.006456 -0.018432 -0.028146 0.042129 -0.076759 0.001575 0.004974 -0.006397 0.027198 -0.010709 -0.030103 0.006099 -0.007541 0.029219 0.003874 0.013099 -0.012438
0.000000 0.000000 0.000000 0.000000 0.000000 0.000000 0.000000 0.000000 0.000000 0.000000 0.000000 0.000000 0.000000 0.000000 0.000000 0.000000 0.000000 0.000000 0.000000 0.000000 0.000000 0.000000 0.000000 0.000000 0.000000 0.000000 0.000000 0.000000 -0.002406 -0.000690 0.005142 0.006960 0.001141 -0.007512 0.026129 -0.006055 0.001412 -0.055716 -0.006805 0.001790 -0.002306 0.022135 -0.020108 -0.005378 0.001844 0.004699 0.032068 0.050067 -0.006433
0.000000 0.000000 0.000000 0.000000 0.000000 0.000000 0.000000 0.000000 0.000000 0.000000 0.000000 0.000000 0.000000 0.000000 0.000000 0.000000 0.000000 0.000000 0.000000 0.000000 0.000000 0.000000 0.000000 0.000000 0.000000 0.000000 0.000000 0.000000 -0.001482 0.002996 -0.006400 0.009508 -0.003386 0.006354 0.020389 -0.002790 0.005804 -0.007170 0.008858 0.010212 0.018073 -0.004248 0.007616 -0.010500 0.000259 -0.010618 0.010937 0.006185 0.005664
0.000000 0.000000 0.000000 0.000000 0.000000 0.000000 0.000000 0.000000 0.000000 0.000000 0.000000 0.000000 0.000000 0.000000 0.000000 0.000000 0.000000 0.000000 0.000000 0.000000 0.000000 0.000000 0.000000 0.000000 0.000000 0.000000 0.000000 0.000000 0.009456 -0.007228 -0.002893 0.009541 -0.006104 -0.014777 -0.003476 0.025676 -0.005948 0.002373 0.011909 0.031304 0.009789 0.006516 0.002487 0.001664 -0.009742 0.006488 -0.006450 0.003514 0.006918
0.000000 0.000000 0.000000 0.000000 0.000000 0.000000 0.000000 0.000000 0.000000 0.000000 0.000000 0.000000 0.000000 0.000000 0.000000 0.000000 0.000000 0.000000 0.000000 0.000000 0.000000 0.000000 0.000000 0.000000 0.000000 0.000000 0.000000 0.000000 0.016185 0.019439 0.003557 -0.001654 0.002686 0.016258 0.009523 -0.004555 0.025267 -0.001990 0.014160 0.010910 0.016876 0.000771 0.003842 0.002796 0.011696 -0.012830 0.008939 -0.008726 -0.014288
0.000000 0.000000 0.000000 0.000000 0.000000 0.000000 0.000000 0.000000 0.000000 0.000000 0.000000 0.000000 0.000000 0.000000 0.000000 0.000000 0.000000 0.000000 0.000000 0.000000 0.000000 0.000000 0.000000 0.000000 0.000000 0.000000 0.000000 0.000000 0.001437 -0.000590 0.011160 0.003007 0.005694 0.004905 -0.007193 -0.006690 -0.008482 0.020553 -0.000638 0.004919 0.001251 0.035335 -0.008370 0.011891 -0.002623 0.006041 -0.017819 0.000762 0.024693
0.000000 0.000000 0.000000 0.000000 0.000000 0.000000 0.000000 0.000000 0.000000 0.000000 0.000000 0.000000 0.000000 0.000000 0.000000 0.000000 0.000000 0.000000 0.000000 0.000000 0.000000 0.000000 0.000000 0.000000 0.000000 0.000000 0.000000 0.000000 0.003650 0.000723 0.002129 0.002712 -0.009892 -0.006169 -0.001218 -0.041589 -0.029233 -0.020064 0.006952 0.002899 0.003842 -0.008397 -0.011505 -0.001497 0.009198 0.003452 0.007966 0.011810 -0.020065
0.000000 0.000000 0.000000 0.000000 0.000000 0.000000 0.000000 0.000000 0.000000 0.000000 0.000000 0.000000 0.000000 0.000000 0.000000 0.000000 0.000000 0.000000 0.000000 0.000000 0.000000 0.000000 0.000000 0.000000 0.000000 0.000000 0.000000 0.000000 0.001240 0.006655 0.006009 -0.037689 -0.004795 0.010901 0.028139 -0.000542 0.002515 -0.005543 -0.009849 0.000273 0.004403 0.011414 -0.001285 0.043627 -0.000323 -0.001291 -0.003816 0.006436 0.004799
0.000000 0.000000 0.000000 0.000000 0.000000 0.000000 0.000000 0.000000 0.000000 0.000000 0.000000 0.000000 0.000000 0.000000 0.000000 0.000000 0.000000 0.000000 0.000000 0.000000 0.000000 0.000000 0.000000 0.000000 0.000000 0.000000 0.000000 0.000000 0.011213 0.006890 0.014336 -0.013168 -0.020511 0.001489 -0.001147 0.023564 -0.004567 0.002402 -0.002371 -0.006201 0.007026 0.001108 0.008810 0.000046 0.033128 -0.011662 -0.004833 0.001001 -0.015356
0.000000 0.000000 0.000000 0.000000 0.000000 0.000000 0.000000 0.000000 0.000000 0.000000 0.000000 0.000000 0.000000 0.000000 0.000000 0.000000 0.000000 0.000000 0.000000 0.000000 0.000000 0.000000 0.000000 0.000000 0.000000 0.000000 0.000000 0.000000 0.001231 0.006458 0.009475 0.032943 -0.011366 -0.025779 -0.003912 -0.005557 0.026006 0.003158 -0.007187 0.001634 -0.006534 0.000079 0.004892 -0.000529 -0.012984 0.026096 -0.006843 0.002731 -0.009288
0.000000 0.000000 0.000000 0.000000 0.000000 0.000000 0.000000 0.000000 0.000000 0.000000 0.000000 0.000000 0.000000 0.000000 0.000000 0.000000 0.000000 0.000000 0.000000 0.000000 0.000000 0.000000 0.000000 0.000000 0.000000 0.000000 0.000000 0.000000 -0.008013 0.010458 -0.001130 0.001611 0.010495 -0.016634 -0.010462 -0.003051 0.005550 0.034513 0.008359 -0.002249 0.003152 -0.012782 0.006808 -0.006575 -0.001386 -0.009311 0.100598 -0.026526 0.012631
0.000000 0.000000 0.000000 0.000000 0.000000 0.000000 0.000000 0.000000 0.000000 0.000000 0.000000 0.000000 0.000000 0.000000 0.000000 0.000000 0.000000 0.000000 0.000000 0.000000 0.000000 0.000000 0.000000 0.000000 0.000000 0.000000 0.000000 0.000000 -0.002534 -0.001500 -0.003223 -0.009022 -0.003801 0.001033 -0.029064 -0.001519 0.008164 0.052175 0.006970 0.001650 -0.006316 -0.001446 0.011186 0.007334 -0.000171 0.004884 -0.027062 0.013479 0.011756
0.000000 0.000000 0.000000 0.000000 0.000000 0.000000 0.000000 0.000000 0.000000 0.000000 0.000000 0.000000 0.000000 0.000000 0.000000 0.000000 0.000000 0.000000 0.000000 0.000000 0.000000 0.000000 0.000000 0.000000 0.000000 0.000000 0.000000 0.000000 -0.006753 -0.009638 -0.001081 -0.008183 -0.001947 0.001918 0.009781 -0.006641 -0.010923 -0.007707 0.005017 0.007621 -0.014606 0.024864 -0.020759 0.005188 -0.015424 -0.009882 0.012931 0.011381 0.038675
