-0.373232 -0.067169  0.000000  0.363475 -0.034846  0.308145  0.131227  0.243372  0.000000  0.570894  0.000000  0.000000  0.000000  0.000000  0.000000  0.000000
 0.000000  0.000000  0.000000  0.000000  0.000000  0.000000  0.021346  0.000000  0.000000 -0.094110  0.000000  0.000000  0.000000  0.000000  0.000000  0.000000
 0.000000  0.000000  0.000000  0.000000  0.000000  0.000000  0.000000  0.000000  0.392930  0.000000  0.000000  0.000000  0.000000  0.000000  0.000000  0.000000
 0.000000  0.000000  0.000000  0.000000  0.000000  0.000000  0.099739  0.000000 -0.008605  0.000000  0.000000  0.000000  0.000000  0.000000  0.000000  0.000000
 0.000000  0.000000  0.000000  0.000000  0.000000  0.582634  0.231012  0.000000 -0.205324  0.000000  0.000000  0.000000  0.000000  0.000000  0.000000  0.000000
 0.000000 -0.181504  0.000000  0.000000  0.144455  0.000000  0.205559 -0.043113 -0.198621 -0.313383  0.000000  0.000000  0.000000  0.000000  0.000000  0.000000
 0.000000 -0.177085  0.000000  0.007451  0.052199  0.001507 -0.023819 -0.127451 -0.313575  0.000000  0.000000  0.000000  0.000000  0.000000  0.000000  0.000000
 0.000000  0.047416  0.000000  0.136037  0.069579  0.000000 -0.061710 -0.067779  0.000000 -0.162054  0.000000  0.000000  0.000000  0.000000  0.000000  0.000000
 0.000000  0.000000  0.000000  0.090037 -0.034093 -0.053099  0.000000 -0.327721 -0.207529  0.112636  0.000000  0.000000  0.000000  0.000000  0.000000  0.000000
 0.000000  0.087252  0.000000 -0.188517 -0.176500  0.000000  0.000000 -0.112710  0.000000 -0.329483  0.000000  0.000000  0.000000  0.000000  0.000000  0.000000
 0.000000  0.000000  0.000000  0.000000  0.000000  0.000000  0.000000  0.000000 -0.504025  0.677603  0.000000  0.000000  0.000000  0.000000  0.000000  0.000000
 0.000000  0.000000  0.000000  0.000000  0.000000  0.000000  0.000000  0.000000  0.000000  0.000000  0.000000  0.000000  0.000000  0.000000  0.137846  0.094558
 0.000000  0.000000  0.000000  0.000000  0.000000  0.000000  0.000000  0.000000  0.000000  0.000000  0.000000  0.000000  0.078118 -0.023403  0.000000  0.000000
 0.000000  0.000000  0.000000  0.000000  0.000000  0.000000  0.000000  0.000000  0.000000  0.000000 -0.437942 -0.032603  0.000000  0.000000  0.020814  0.000000
 0.000000  0.000000  0.000000  0.000000  0.000000  0.000000  0.000000  0.000000  0.000000  0.000000  0.000000  0.000000  0.000000 -0.034222 -0.012692 -0.109558
 0.000000  0.000000  0.000000  0.000000  0.000000  0.000000  0.000000  0.000000  0.000000  0.000000 -0.226536  0.000000 -0.055578  0.034502 -0.095417 -0.028355
 0.000000  0.000000  0.000000  0.000000  0.000000  0.000000  0.000000  0.000000  0.000000  0.000000 -0.026740  0.000000 -0.032601 -0.092137 -0.025855  0.352182
